1 11 0 0.00466 0 1 1
2 12 0 0.014 0 1 1
3 13 0 0.028 0 1 1
4 14 0 0.014 0 1 1
5 15 0 0.014 0 1 1
6 16 0 0.014 0 1 1
7 17 0 0.014 0 1 1
8 18 0 0.014 0 1 1
9 19 0 0.014 0 1 1
10 20 0 0.00932 0 1 1
11 21 0.0021 0.063 0.122 1 1
12 21 0.00105 0.0315 0.061 1 1
13 22 0.0021 0.063 0.122 1 1
14 22 0.00105 0.0315 0.061 1 1
15 23 0.00105 0.0315 0.061 1 1
16 24 0.00105 0.0315 0.061 1 1
17 25 0.00105 0.0315 0.061 1 1
18 26 0.00105 0.0315 0.061 1 1
19 27 0.00105 0.0315 0.061 1 1
20 27 0.0021 0.063 0.122 1 1
21 22 0.0021 0.063 0.122 1 1
22 23 0.0021 0.063 0.122 1 1
23 24 0.0021 0.063 0.122 1 1
24 25 0.0021 0.063 0.122 1 1
25 26 0.0021 0.063 0.122 1 1
26 27 0.0021 0.063 0.122 1 1